,True,CC,AC,PCC,PAC,HDy,EM
0,0.000881057268722,0.000440528634361,0.0,0.000951712472034,0.0,0.0,0.000344800958087
1,0.000394632991318,0.00118389897395,0.0,0.00146399204151,0.000180326854951,0.0,0.00108155697696
2,0.000354861603974,0.00106458481192,0.0,0.00139081475013,0.000106985402478,0.0,0.000964034403404
3,0.000312695434647,0.000312695434647,0.0,0.000763226120766,0.0,0.0,0.00021244055153
4,0.000183688464364,0.000367376928729,0.0,0.000978513153504,0.0,0.0,0.000314164298983
5,0.0,0.000669941938365,0.0,0.00132270715202,3.87250162909e-05,0.0,0.000752767214333
6,0.0,0.000255754475703,0.0,0.000947326109103,0.0,0.0,0.00029755513789
7,0.000176803394625,0.000884016973126,0.0,0.00137621449494,9.23523940487e-05,0.0,0.000961636372514
8,0.00016655562958,0.000333111259161,0.0,0.00073020092659,0.0,0.0,0.000168095427825
9,0.00166297117517,0.00110864745011,0.0,0.0027465083446,0.00146572027021,0.0,0.00283868015262
10,0.00351288056206,0.00175644028103,0.000580155898738,0.00201884839027,0.000736427931714,0.0,0.00173970285659
11,0.00343839541547,0.000573065902579,0.0,0.00123775539099,0.0,0.0,8.00977588096e-09
12,0.0,0.00596252129472,0.00526545793312,0.00588226997834,0.00460851646401,0.01,0.00775523011231
13,0.0,0.000892060660125,0.0,0.00193563803765,0.000653030910494,0.0,0.00185307765615
14,0.000687285223368,0.00137457044674,0.000154777617705,0.00259168178183,0.00131054637978,0.0,0.00264352097128
15,0.00714285714286,0.0107142857143,0.0105586159654,0.0104408455644,0.0091773184568,0.01,0.0171998735202
16,0.00462962962963,0.00308641975309,0.00206166695519,0.00440022290415,0.00312314466353,0.0,0.007308336533
17,0.0187969924812,0.00375939849624,0.00281132172031,0.00648367961038,0.00521127525861,0.01,0.01799071349
18,0.00106269925611,0.00212539851222,0.000991151489544,0.00285059079442,0.0015700362117,0.0,0.00304086375195
19,0.00296846011132,0.0,0.0,0.000775206079752,0.0,0.0,4.20690071208e-10
20,0.00169779286927,0.00127334465195,4.20186335849e-05,0.00215384823186,0.000871730623005,0.0,0.00186525673304
21,0.0,0.000661375661376,0.0,0.00138425993686,0.000100415884579,0.0,0.000472512234832
22,0.000319284802043,0.00191570881226,0.000757570734771,0.00237903240721,0.00109741996163,0.0,0.00215589785339
23,0.000324675324675,0.0012987012987,7.02642969972e-05,0.00166987488811,0.000386671565504,0.0,0.00109544452998
24,0.0,0.00090661831369,0.0,0.00134107935239,5.71384316425e-05,0.0,0.000898492700315
25,0.0,0.000334448160535,0.0,0.000803778507504,0.0,0.0,0.00042169949839
26,0.000306091215182,0.00122436486073,0.0,0.00206703610107,0.000784723743631,0.0,0.00164418581089
27,0.0,0.0,0.0,0.00117549140149,0.0,0.0,8.9849238718e-10
28,0.000559440559441,0.00027972027972,0.0,0.00116582613865,0.0,0.0,0.000442498580102
29,0.000405515004055,0.00243309002433,0.00133389992044,0.00330179970037,0.00202225732985,0.0,0.00368876055345
30,0.00137741046832,0.000459136822773,0.0,0.00158104716672,0.000297644573876,0.0,2.10698861501e-05
31,0.000231427910206,0.000231427910206,0.0,0.000592608590819,0.0,0.0,3.02796833775e-10
32,0.000222271615915,0.000222271615915,0.0,0.000945867049341,0.0,0.0,0.000178303832441
33,0.000631446011366,0.000420964007577,0.0,0.000982459035178,0.0,0.0,9.52496614589e-05
34,0.0041928721174,0.00119796346211,0.0,0.00157458550448,0.000291168415973,0.0,0.00111563350178
35,0.00312239800167,0.000832639467111,0.0,0.00134201937034,5.80805583612e-05,0.0,0.000684855303947
36,0.00293427230047,0.00136932707355,0.000148936839326,0.00188054658932,0.000597815873652,0.0,0.00140948523187
37,0.00304240349876,0.000950751093364,0.0,0.00189797890074,0.000615287291566,0.0,0.0012880224358
38,0.00146279027244,0.000548546352167,0.0,0.00126952181176,0.0,0.0,9.4022502579e-09
39,0.00508829691709,0.00149655791679,0.000290663764396,0.00196080280939,0.000678252135222,0.0,0.00160867060463
40,0.00763673890609,0.00103199174407,0.0,0.00147950263995,0.000195872248842,0.0,0.00111099742149
41,0.00759544273436,0.0013991605037,0.000182169349708,0.00185844069483,0.000575660388267,0.0,0.00128349042483
42,0.00204039991838,0.00122423995103,0.0,0.00189827592994,0.000615584987103,0.0,0.00154256285982
43,0.00259684051071,0.00194763038303,0.000793129298669,0.00281422021159,0.00153358403752,0.0,0.00292705982159
44,0.00262725779967,0.00131362889984,8.68926785562e-05,0.00188405165663,0.000601328804006,0.0,0.00143406130015
45,0.00231213872832,0.000578034682081,0.0,0.00135385910509,6.99468535888e-05,0.0,0.000117534152527
46,0.001345532831,0.0010764262648,0.0,0.00163776064515,0.000354485279575,0.0,0.00100623920868
47,0.00155561317086,0.00129634430905,6.76387630668e-05,0.00215966509297,0.000877560533285,0.0,0.00195213385256
48,0.00285551113649,0.00285551113649,0.00180444970056,0.00398834255029,0.00271034032455,0.0,0.00510703875041
49,0.00222112537019,0.000987166831194,0.0,0.0018175168122,0.00053464469971,0.0,0.0012123365421
50,0.00282424505757,0.000651748859439,0.0,0.00139597741194,0.000112159645867,0.0,0.000633424990179
51,0.00270438943208,0.000624089868941,0.0,0.00137641435856,9.25527060203e-05,0.0,0.000575587827509
52,0.00755191944619,0.00629326620516,0.00563388635775,0.00744091964006,0.00617066269719,0.01,0.0139096676166
53,0.00695652173913,0.00231884057971,0.00120663343328,0.00364910037124,0.00237033711205,0.0,0.00523981404544
54,0.0078853046595,0.00645161290323,0.0058102743313,0.00770769816036,0.00643803969076,0.01,0.0143032126518
55,0.00554994954591,0.00403632694248,0.00311980208679,0.00491795988279,0.00364204309902,0.0,0.00758750488708
56,0.0020093770931,0.00334896182184,0.00235412182822,0.00466157300086,0.00338508105574,0.0,0.00653799923134
57,0.0012277470841,0.0012277470841,0.0,0.00189816023954,0.000615469037177,0.0,0.00155119807913
58,0.00379146919431,0.00157977883096,0.00038336647678,0.00259267220917,0.00131153902898,0.0,0.00256953466982
59,0.00535714285714,0.00178571428571,0.000612765245361,0.0023521490673,0.00107047631342,0.0,0.00214597494538
60,0.00227358848049,0.0026525198939,0.00157833059378,0.00304635558551,0.00176624016857,0.0,0.0033954119817
61,0.00235452404978,0.00067272115708,0.0,0.0016937624549,0.000410612720071,0.0,0.00102809744703
62,0.0,0.00200803212851,0.000860412933972,0.0024026029433,0.0011210433743,0.0,0.0022928525739
63,0.00238663484487,0.000596658711217,0.0,0.00104851375048,0.0,0.0,0.00056834400001
64,0.00093808630394,0.000312695434647,0.0,0.000772419499213,0.0,0.0,1.56028439529e-09
65,0.000893655049151,0.000595770032767,0.0,0.00116048815557,0.0,0.0,0.000769837072748
66,0.00162866449511,0.00144770177343,0.000236241182635,0.00196104149657,0.00067849135785,0.0,0.00165425131348
67,0.0009269558769,0.00129773822766,6.91914981869e-05,0.00194574371235,0.0006631592556,0.0,0.00149929583499
68,0.00207195328687,0.000188359389716,0.0,0.00113501650382,0.0,0.0,1.39029821697e-08
69,0.000770119368502,0.000577589526377,0.0,0.0015765052773,0.000293092495491,0.0,0.000659315693373
70,0.000190041809198,0.000380083618396,0.0,0.00109183769943,0.0,0.0,0.000168726707722
71,0.00376222723853,0.000940556809631,0.0,0.0018366463548,0.000553817156262,0.0,0.00105278095106
72,0.000671366230279,0.000503524672709,0.0,0.00103502611014,0.0,0.0,0.000322318608616
73,0.0,0.000329163923634,0.0,0.00104805550462,0.0,0.0,0.000223344368077
74,0.000327385824194,0.000491078736291,0.0,0.00121241399285,0.0,0.0,0.000387723465942
75,0.000349406009783,0.00174703004892,0.000569673509188,0.00310489895816,0.00182491487355,0.0,0.00392810870653
76,0.00108499095841,0.00144665461121,0.00023507471169,0.00233953121832,0.00105783015839,0.0,0.00233042045692
77,0.00170765027322,0.00170765027322,0.0005258069877,0.0025088854878,0.00122756434603,0.0,0.00250073407174
78,0.0014064697609,0.00316455696203,0.00214870674896,0.00380314389705,0.00252472620891,0.0,0.00480445853428
79,0.00316344463972,0.00140597539543,0.000189760698043,0.00224659413195,0.000964684583107,0.0,0.0020326220807
80,0.00231803430691,0.00602688919796,0.00533715961148,0.00834755169983,0.0070793286353,0.01,0.0160208322681
81,0.00215146299484,0.00301204819277,0.00197882185028,0.00415990599843,0.00288228864677,0.0,0.00607640996339
82,0.00305143853531,0.00305143853531,0.00202270014255,0.00465179211006,0.00337527822313,0.0,0.00667028343317
83,0.000586166471278,0.00293083235639,0.00188835266479,0.00328418761184,0.00200460573152,0.0,0.00394601669535
84,0.000602409638554,0.000602409638554,0.0,0.00162022273562,0.000336908026653,0.0,0.000381696114106
85,0.00303582270795,0.00425015179114,0.00335798912958,0.00487736377789,0.00360135592352,0.0,0.00672473112526
86,0.00152516522623,0.00152516522623,0.000322530455667,0.00282213441103,0.00154151599115,0.0,0.00331019451512
87,0.00242836328315,0.00242836328315,0.00132863463667,0.00369666607213,0.00241800951868,0.0,0.00487099866616
88,0.00120992135511,0.00181488203267,0.00064525622775,0.00348543420877,0.00220630379175,0.0,0.00538297089128
89,0.000540248514317,0.00216099405727,0.001030802623,0.00330033509743,0.00202078944132,0.0,0.00437345863468
90,0.00054347826087,0.00326086956522,0.00225599275562,0.00396254662984,0.00268448653523,0.0,0.00582385630882
91,0.00737100737101,0.00532350532351,0.00455363549789,0.00681186545729,0.00554019733591,0.01,0.0103754638862
92,0.00741962077494,0.00659521846661,0.00597024163485,0.00742686617619,0.00615657770671,0.01,0.0135535008353
93,0.00279664402717,0.00519376747903,0.00440911593569,0.00662778910241,0.00535570803632,0.0,0.0131786207808
94,0.00181268882175,0.00181268882175,0.000642813132733,0.00346933731752,0.0021901707898,0.0,0.00576952833076
95,0.00559796437659,0.0111959287532,0.0110951351391,0.0120727406722,0.01081287445,0.01,0.0252246848769
96,0.00107411385607,0.00644468313641,0.00580255501956,0.00727583411288,0.00600520682807,0.01,0.0132262986257
97,0.0,0.00941176470588,0.00910769186033,0.0103394827268,0.00907572822847,0.01,0.0133235536278
98,0.0012749681258,0.00424989375266,0.00335770169142,0.00580699855605,0.00453307618279,0.0,0.0105337278403
99,0.0,0.0,0.0,0.00192073075893,0.000638090189777,0.01,0.000500450445781
100,0.00162866449511,0.00868621064061,0.00829947158901,0.00930987658337,0.00804381233478,0.01,0.0184045442211
101,0.00366748166259,0.00855745721271,0.00815604860318,0.00992466635448,0.00865998128457,0.01,0.0162344173664
102,0.000674991562605,0.00101248734391,0.0,0.00201809215748,0.00073567000244,0.0,0.00163918321079
103,0.0021971123666,0.00188323917137,0.000721401656239,0.00342049220687,0.00214121610326,0.0,0.00461862847462
104,0.000307787011388,0.00123114804555,0.0,0.00252105228117,0.00123975843357,0.0,0.00267727334447
105,0.0,0.000945775535939,0.0,0.001421596239,0.0001378359445,0.0,4.50923645132e-08
106,0.00155860349127,0.000623441396509,0.0,0.0012038833508,0.0,0.0,0.000554366883361
107,0.00093023255814,0.00093023255814,0.0,0.00197210748489,0.000689582170874,0.0,0.00153143229404
108,0.000925069380204,0.00123342584027,0.0,0.00197423159311,0.000691711044185,0.0,0.00154606942625
109,0.00093896713615,0.00125195618153,1.81932617864e-05,0.00176275333343,0.000479758368179,0.0,0.00102510662738
110,0.000637551801084,0.000318775900542,0.0,0.0014184404211,0.000134673047056,0.0,0.000156850963601
111,0.000597728631201,0.0017931858936,0.000621088132993,0.00285548439393,0.0015749407892,0.0,0.00357827306925
112,0.0,0.00272628135224,0.00166049608457,0.00377188880293,0.00249340099918,0.0,0.00545977115673
113,0.000498007968127,0.000996015936255,0.0,0.00194039011934,0.000657793652687,0.0,0.00149181887267
114,0.0,0.00323624595469,0.00222856364712,0.00423307531351,0.00295562210505,0.0,0.00514170644759
115,0.000238095238095,0.00047619047619,0.0,0.00164164768987,0.000358381044236,0.0,0.000649182579982
116,0.0,0.000699300699301,0.0,0.00140950590159,0.000125718484428,0.0,0.000426324204498
117,0.0,0.000739644970414,0.0,0.00165468728053,0.000371449887043,0.0,0.000775459403158
118,0.0,0.0,0.0,0.000790333641602,0.0,0.0,4.17893355204e-10
119,0.0,0.00162179695102,0.000430171943139,0.00274977441418,0.00146899366667,0.0,0.0032215977363
120,0.000415454923141,0.00373909430827,0.00278870416898,0.00555788025119,0.00428339902242,0.0,0.0103142770249
121,0.0,0.0,0.0,0.000565934457832,0.0,0.0,1.21839024144e-10
122,0.000124968757811,0.000499875031242,0.0,0.0011286703474,0.0,0.0,0.000588606538263
123,0.0,0.0,0.0,0.000494344704232,0.0,0.0,6.58725919606e-11
124,0.0,0.000402630519393,0.0,0.000982941582416,0.0,0.0,0.000480460233209
125,0.000507872016252,0.000507872016252,0.0,0.0011710763509,0.0,0.0,1.05432266947e-09
126,0.000122759636631,0.000736557819789,0.0,0.00138640416671,0.000102564924651,0.0,0.000977192677435
127,0.0,0.0,0.0,0.000428572066896,0.0,0.0,8.03087483245e-11
128,0.000139178844816,0.00208768267223,0.000949138484744,0.00247034901494,0.00118894142299,0.0,0.00276275040372
129,0.0,0.000618620476338,0.0,0.0010920443107,0.0,0.0,0.000552238328918
130,0.0,0.000837721397798,0.0,0.00134015890717,5.62159215519e-05,0.0,0.00103275271179
131,0.0,0.00158182341099,0.000385644006601,0.00200143965181,0.000718980139642,0.0,0.00199857173014
132,0.0,0.00403225806452,0.00311526962007,0.00439289356981,0.00311579888704,0.01,0.00471619143046
133,0.0,0.00267590114906,0.00160437579881,0.00304612360748,0.00176600767014,0.0,0.00375969579124
134,0.0,0.000676132521974,0.0,0.00150535308221,0.000221780682268,0.0,0.00128050816263
135,0.0,0.0013644633111,0.000143518922731,0.00192692673028,0.000644300060757,0.0,0.00181804059131
136,0.000441306266549,0.000882612533098,0.0,0.00138402546733,0.000100180889055,0.0,0.00083718044677
137,0.000416146483562,0.000832292967124,0.0,0.00142161199582,0.000137851736669,0.0,0.00110735587643
138,0.0,0.00340425531915,0.00241571520567,0.00419420041533,0.00291665999749,0.0,0.00541538705043
139,0.0,0.0,0.0,0.000505404055455,0.0,0.0,1.18505786265e-10
140,0.000979431929481,0.0,0.0,0.000514570177156,0.0,0.0,1.20128763206e-10
141,0.00156657963446,0.00156657963446,0.000368663426123,0.00208543671992,0.000803165641216,0.0,0.00212074780179
142,0.00233918128655,0.0046783625731,0.00383498822717,0.00537953079379,0.00410464946765,0.01,0.00706018344845
143,0.0120192307692,0.00240384615385,0.00130132414136,0.00216315369484,0.000881056961245,0.0,0.0018913364998
144,0.00376293508937,0.000940733772342,0.0,0.00178227392066,0.0004993227466,0.0,0.0013788662772
145,0.0036563071298,0.00091407678245,0.0,0.00162003543845,0.000336720309316,0.0,2.52469426665e-09
146,0.0,0.0,0.0,0.00161600453351,0.000332680361712,0.0,4.84153157028e-09
147,0.0,0.000941619585687,0.0,0.00183530122931,0.000552469013203,0.0,0.0015459058841
148,0.00192492781521,0.0,0.0,0.000643075402965,0.0,0.0,1.29965190544e-10
149,0.000601684717208,0.00120336943442,0.0,0.00179115717469,0.00050822592873,0.0,0.00156714308444
150,0.00271186440678,0.00203389830508,0.000889226180629,0.00233287163658,0.00105115563698,0.0,0.00232162330413
151,0.00191326530612,0.00191326530612,0.000754848827076,0.00302311219408,0.00174294463446,0.0,0.00325974098287
152,0.0022792022792,0.000569800569801,0.0,0.00133934410576,5.5399292275e-05,0.0,0.000800260047166
153,0.0,0.00116754232341,0.0,0.0016276771299,0.000344379143629,0.0,0.00136760223893
154,0.000339328130302,0.00101798439091,0.0,0.00160296760398,0.000319614185993,0.0,0.00108337208
155,0.00124339446689,0.000621697233447,0.0,0.00122331504314,0.0,0.0,0.000493708446694
156,0.000750469043152,0.00112570356473,0.0,0.00169949734348,0.000416360473926,0.0,0.00119153394348
157,0.00161746866154,0.000808734330772,0.0,0.00161952686173,0.000336210591688,0.0,0.000920386525565
158,0.000394944707741,0.000789889415482,0.0,0.00205831165684,0.000775979727558,0.0,0.0017760262989
159,0.000387747188833,0.000193873594416,0.0,0.000685647607808,0.0,0.0,0.000235717822381
160,0.000191828122003,0.000191828122003,0.0,0.000621376207513,0.0,0.0,0.000187517005052
161,0.000197394393999,0.0,0.0,0.00046372870296,0.0,0.0,3.72919907719e-11
162,0.000169290672084,0.000169290672084,0.0,0.000857923540824,0.0,0.0,0.000229206500091
163,0.0,0.000674877678421,0.0,0.0010609151088,0.0,0.0,0.000207776208825
164,0.00123762376238,0.00154702970297,0.000346886067698,0.00249686219658,0.00121551408255,0.0,0.00246115238704
165,0.000600961538462,0.00150240384615,0.000297175751361,0.00188502161495,0.000602300938259,0.0,0.00117907954159
166,0.000261985852764,0.00104794341106,0.0,0.00157854919065,0.000295140994016,0.0,0.000971588390951
167,0.000863185153215,0.00129477772982,6.58936951977e-05,0.00165629373197,0.000373059942296,0.0,0.00109031775759
168,0.000228310502283,0.000456621004566,0.0,0.0012806963835,0.0,0.0,0.000517117179502
169,0.00024021138602,0.000480422772039,0.0,0.00120945381611,0.0,0.0,0.000254451767517
170,0.000981546917943,0.00117785630153,0.0,0.00146060635692,0.000176933575138,0.0,0.000701641884407
171,0.001108033241,0.0,0.0,0.000565370992804,0.0,0.0,2.11587516385e-10
172,0.00124621684173,0.00017803097739,0.0,0.000884080902793,0.0,0.0,7.89454514543e-05
173,0.000221827861579,0.000665483584738,0.0,0.00118914526411,0.0,0.0,0.000753280779962
174,0.0,0.000653737197647,0.0,0.00113345238701,0.0,0.0,0.000681115213726
175,0.0,0.0,0.0,0.000400002932393,0.0,0.0,3.72732056015e-11
176,0.000253421186011,0.0,0.0,0.000422684803836,0.0,0.0,7.02905249219e-11
177,0.00176792028287,0.000803600128576,0.0,0.00120702204748,0.0,0.0,0.000834044569163
178,0.000682244584684,0.000511683438513,0.0,0.00111261527199,0.0,0.0,6.64763539391e-05
179,0.000846310088016,0.000338524035206,0.0,0.000814424572016,0.0,0.0,0.000255525231049
180,0.00118835412953,0.00118835412953,0.0,0.00161775979707,0.000334439562919,0.0,0.00118585908708
181,0.00182149362477,0.000607164541591,0.0,0.00123012034015,0.0,0.0,0.000629094628499
182,0.00145772594752,0.000728862973761,0.0,0.00128261438686,0.0,0.0,0.000832314277609
183,0.0,0.0,0.0,0.000287335708035,0.0,0.0,9.35971398536e-11
184,0.000851184565187,0.000993048659384,0.0,0.00133044848637,4.64837170365e-05,0.0,0.000527250638032
185,0.00176496543609,0.000588321812031,0.0,0.00110033940863,0.0,0.0,6.249889996e-05
186,0.00477326968974,0.0,0.0,0.000474733422683,0.0,0.0,2.0381722841e-10
187,0.0026015320133,0.000433588668883,0.0,0.00098973474451,0.0,0.0,0.000494006571279
188,0.0,0.0,0.0,0.000518630495403,0.0,0.0,2.0814010358e-10
189,0.00153910731776,0.000279837694137,0.0,0.000600590757033,0.0,0.0,0.000173533147626
190,0.0,0.0,0.0,0.000375161855783,0.0,0.0,1.77835874971e-10
191,0.000279798545048,0.0,0.0,0.000547927002848,0.0,0.0,1.19507033853e-10
192,0.000559049615653,0.00041928721174,0.0,0.000876907432437,0.0,0.0,0.000417628198035
193,0.000300210147103,0.000450315220654,0.0,0.00112837929744,0.0,0.0,0.000618466450957
194,0.00140028005601,0.0,0.0,0.000471649629182,0.0,0.0,5.45576875935e-11
195,0.0007264274299,0.00087171291588,0.0,0.00105921165867,0.0,0.0,0.000271505802642
196,0.00041952174521,0.000559362326947,0.0,0.00100723318078,0.0,0.0,0.000433646444418
197,0.000220994475138,0.00309392265193,0.00207002469892,0.00380688867669,0.00252847938934,0.0,0.00520955630397
198,0.0,0.00242204056918,0.00132159154251,0.0030762600767,0.00179621174552,0.0,0.00405027495117
199,0.000884368781782,0.00132655317267,0.000101289482046,0.0020245793855,0.000742171783473,0.0,0.00184136386489
200,0.00260416666667,0.000473484848485,0.0,0.00118362980016,0.0,0.0,3.1355357529e-07
201,0.00205151584226,0.000683838614087,0.0,0.00118559127336,0.0,0.0,0.000555288938199
202,0.00145878920496,0.00024313153416,0.0,0.000900934509012,0.0,0.0,0.000332259309603
203,0.000283687943262,0.000283687943262,0.0,0.00119042207521,0.0,0.0,2.59938275445e-09
204,0.000132187706543,0.00079312623926,0.0,0.00174375491074,0.000460717325685,0.0,0.00106015501389
205,0.000118764845606,0.000712589073634,0.0,0.00140003334216,0.000116224674892,0.0,0.000762197752306
206,0.0,0.000464414257518,0.0,0.00124200578835,0.0,0.0,0.000388511852793
207,0.0,0.000743863129184,0.0,0.00144768818962,0.000163986428077,0.0,0.000840056198216
208,0.000122249388753,0.000488997555012,0.0,0.00139225685916,0.00010843074664,0.0,0.000691438162232
209,0.000227479526843,0.00113739763421,0.0,0.00170846509108,0.000425348339178,0.0,0.00113664515395
210,0.0,0.000451620187422,0.0,0.0013498799785,6.59588004982e-05,0.0,0.00033684370203
211,0.000449135414327,0.000898270828655,0.0,0.00189016305718,0.000607453914463,0.0,0.00144471028904
212,0.000144071459444,0.000576285837776,0.0,0.00131367094749,2.96685405391e-05,0.0,0.000423957880254
213,0.0,0.000449842555106,0.0,0.00131019956265,2.61893682262e-05,0.0,8.29107511614e-05
214,0.000439463854098,0.000659195781147,0.0,0.0013768274772,9.29667514281e-05,0.0,0.00013844590205
215,0.000227946204696,0.00136767722817,0.000147099018352,0.00225531040412,0.000973420408789,0.0,0.0020297290813
216,0.0,0.000994826900119,0.0,0.00182571656523,0.000542862847524,0.0,0.00115562711902
217,0.0,0.00120675784393,0.0,0.0026079691688,0.00132687030479,0.0,0.00276064193086
218,0.00193986420951,0.0011639185257,0.0,0.00240210603925,0.00112054535553,0.0,0.00218028307389
219,0.0005859375,0.0013671875,0.000146553492861,0.0024636768372,0.00118225427733,0.0,0.00237268243004
220,0.000588928150766,0.000785237534354,0.0,0.00211391520482,0.000831708012863,0.0,0.00177316621632
221,0.000329326527252,0.000658653054504,0.0,0.00178706824089,0.000504127822089,0.0,0.000749343116749
222,0.000307408545958,0.000922225637873,0.0,0.00182754452761,0.000544694910628,0.0,0.00136280707215
223,0.000485436893204,0.000161812297735,0.0,0.00128064018799,0.0,0.0,1.02731893747e-09
224,0.0,0.000399760143914,0.0,0.00140776899399,0.00012397768037,0.0,0.000431940176871
225,0.000374111485223,0.000374111485223,0.0,0.00126031867095,0.0,0.0,2.81714670293e-09
226,0.000182781941144,0.000365563882288,0.0,0.00140715811023,0.000123365426191,0.0,0.00023146638183
227,0.000596065964633,0.000993443274389,0.0,0.00238338037268,0.00110177768104,0.0,0.00199359408555
228,0.0,0.0,0.0,0.00109820566857,0.0,0.0,6.9536223701e-10
229,0.0018290655138,0.000997672098437,0.0,0.00228931447133,0.00100750075847,0.0,0.00200144449853
230,0.001184366364,0.000789577575997,0.0,0.00207300806834,0.000790709108022,0.0,0.00151660194323
231,0.000421496311907,0.000421496311907,0.0,0.00163050394208,0.000347212297297,0.0,0.000445564842795
232,0.00114181319936,0.00251198903859,0.00142178831603,0.00374995192254,0.00247141490704,0.0,0.0056890963576
233,0.00223563603845,0.0024591996423,0.00136298434506,0.00391549933013,0.00263733369273,0.0,0.00547207693257
234,0.00391951920564,0.00130650640188,7.89586767985e-05,0.00306673009294,0.00178666038282,0.0,0.00380294293808
235,0.00214336746844,0.00238151940938,0.001276453593,0.0036654339585,0.002386707341,0.0,0.00501905370816
236,0.00153475115106,0.0017540013155,0.000577439048987,0.00317569168081,0.0018958664079,0.0,0.00411821301422
237,0.000830047727744,0.00124507159162,1.0524274185e-05,0.00280752033586,0.00152686913173,0.0,0.00297003672753
238,0.000637077935867,0.00106179655978,0.0,0.00261540936057,0.0013343271874,0.0,0.00213559388159
239,0.000838222967309,0.00146689019279,0.000257615839936,0.00329117655988,0.00201161035811,0.0,0.00479806953317
240,0.00150343642612,0.00171821305842,0.000537573246791,0.00381088317011,0.00253248284374,0.0,0.00655061329023
241,0.000878734622144,0.00131810193322,9.18753482501e-05,0.00340359067057,0.00212427665117,0.0,0.00502924658524
242,0.0,0.000350140056022,0.0,0.0024291663602,0.00114766638181,0.0,0.00130739448652
243,0.0,0.000696742727748,0.0,0.00251549119875,0.00123418487579,0.0,0.00207409036419
244,0.000343938091144,0.00137575236457,0.000156094197684,0.00312768441013,0.00184775144089,0.0,0.00453144494955
245,0.000422119037569,0.00126635711271,3.42349670932e-05,0.00243107481556,0.00114957911848,0.0,0.00244490568572
246,0.000541785182175,0.00108357036435,0.0,0.00208959008843,0.000807328327114,0.0,0.0018450705914
247,0.0,0.000546746856206,0.0,0.00165235045534,0.000369107819581,0.0,0.000678086763081
248,0.000834840684569,0.00125226102685,1.8532839744e-05,0.00201708662051,0.000734662209716,0.0,0.00182421973194
249,0.000726216412491,0.00174291938998,0.00056509450117,0.00219785671402,0.000915837830882,0.0,0.00213673523704
250,0.000871296987802,0.000871296987802,0.0,0.0015122566775,0.00022869976463,0.0,0.000977280006132
251,0.00065121125293,0.00130242250586,7.44094809388e-05,0.00208526903787,0.000802997582993,0.0,0.00195985891217
252,0.00105411103303,0.00316233309909,0.00214622950957,0.00412222011302,0.00284451821934,0.0,0.00577040849517
253,0.00130399348003,0.00195599022005,0.000802441616061,0.00300410995883,0.00172389977085,0.0,0.00352551755655
254,0.000653381247958,0.00130676249592,7.92439489793e-05,0.00218739199181,0.000905349632807,0.0,0.00205559096349
255,0.00290510006456,0.0067785668173,0.00617447983133,0.00872062566817,0.00745323953309,0.01,0.0214678082589
256,0.00192519251925,0.00605060506051,0.00536357754748,0.00792531933383,0.00665614906116,0.01,0.0202279838177
257,0.00502092050209,0.0129707112971,0.0130721280302,0.0171674884311,0.0159190514288,0.01,0.0636350526501
258,0.0,0.0130718954248,0.0131848405999,0.015828341079,0.0145768999221,0.01,0.0440291331688
259,0.00233333333333,0.0103333333333,0.010134259668,0.0125716502546,0.0113129032532,0.01,0.0335696730874
260,0.00497017892644,0.0115970841617,0.0115419963016,0.013858963009,0.0126031038797,0.01,0.0305410565771
261,0.0024154589372,0.012077294686,0.0120769197468,0.0119121602162,0.0106519337584,0.01,0.0303148872755
262,0.000211014982064,0.00358725469508,0.00261956466686,0.00540272433548,0.0041278950402,0.0,0.0104150088955
263,0.00332225913621,0.00332225913621,0.00232437676462,0.00682519839289,0.00555356018174,0.01,0.0133946304111
264,0.000613496932515,0.00347648261759,0.00249617174162,0.00470155426173,0.00342515200793,0.0,0.00748462444173
265,0.00136147038802,0.00294985250737,0.00190953988201,0.00440027886505,0.00312320074996,0.0,0.00656939320103
266,0.0,0.0,0.0,0.00214197723057,0.000859832991099,0.0,0.000271309285029
267,0.00175477078307,0.00350954156613,0.00253299727075,0.00473916568902,0.0034628478102,0.0,0.00760117416985
268,0.0010649627263,0.00425985090522,0.00336879331495,0.0057575931818,0.00448355997579,0.01,0.00872527409232
269,0.0,0.00193756727664,0.000781919649426,0.00358989104794,0.00231099496247,0.0,0.00546658902566
270,0.000849437247823,0.00276067105543,0.00169880398824,0.00387791459658,0.00259966464408,0.0,0.0050401585461
271,0.0,0.00704225352113,0.00646820975376,0.00541380437593,0.00413899993688,0.01,0.0135618665088
272,0.00249169435216,0.00249169435216,0.0013991813488,0.00387275966212,0.00259449814538,0.0,0.00556153996389
273,0.00164035267583,0.00225548492926,0.00113605933902,0.00327248957027,0.00199288144734,0.0,0.00417089007789
274,0.0,0.0,0.0,0.000680415198982,0.0,0.01,3.05238019462e-10
275,0.0,0.000958313368471,0.0,0.00208321827847,0.000800942223054,0.0,0.00186828015166
276,0.00587371512482,0.00636319138522,0.00571177848282,0.00929360841534,0.00802750767181,0.01,0.0400361475859
277,0.0040293040293,0.0047619047619,0.0039280488187,0.00959241917402,0.00832698876277,0.0,0.0445391878882
278,0.00750469043152,0.00562851782364,0.00489339968283,0.0111547334088,0.00989280778985,0.0,0.056082483848
279,0.00381455399061,0.00616197183099,0.00548763292221,0.00783208954467,0.00656271012647,0.01,0.0188890174613
280,0.00214745884037,0.00572655690766,0.0050026088774,0.00744621877246,0.00617597371731,0.0,0.0217053113539
281,0.00604229607251,0.0140986908359,0.0143286242343,0.0182023466817,0.0169562312119,0.01,0.0784119519249
282,0.00716524854456,0.0089565606807,0.00860062403679,0.0126091935854,0.0113505308062,0.01,0.0440993381187
283,0.00413564929694,0.00496277915633,0.00415180989362,0.00806393120895,0.00679507188899,0.0,0.0285509283228
284,0.000961538461538,0.00480769230769,0.00397905318136,0.00657784086782,0.00530564775117,0.01,0.0153867763648
285,0.00280767430978,0.00935891436593,0.00904882000207,0.0112469531926,0.00998523445346,0.01,0.0267526554854
286,0.0,0.00247586036148,0.00138154330795,0.00403017029423,0.00275226190208,0.0,0.00648286750026
287,0.000502512562814,0.00150753768844,0.000302894519411,0.00295411736474,0.00167379502668,0.0,0.00394629537234
288,0.00100908173562,0.00470904809956,0.0038691699177,0.00571209214485,0.00443795686483,0.0,0.011362421119
289,0.000983284169125,0.00557194362504,0.00483037968704,0.00648872618936,0.00521633315874,0.01,0.0115842874965
290,0.000949968334389,0.00379987333756,0.00285640807403,0.00608443968037,0.00481113970017,0.0,0.0131079286837
291,0.000663570006636,0.00298606502986,0.00194987828841,0.00508894928544,0.00381341608799,0.0,0.012125869836
292,0.000698324022346,0.00384078212291,0.00290197781332,0.00522624771495,0.0039510225237,0.0,0.00933624144784
293,0.00132100396301,0.00462351387054,0.00377389032229,0.00656588570185,0.00529366576577,0.01,0.0130312472221
294,0.000968054211036,0.0053242981607,0.00455451866721,0.0076494409303,0.00637965177029,0.0,0.0183010155169
295,0.00195790504161,0.00538423886442,0.00462128873183,0.00666888988608,0.00539690102277,0.0,0.0155030575759
296,0.00146627565982,0.00537634408602,0.00461249445964,0.00793973692876,0.00667059899958,0.0,0.0217078703204
297,0.0016583747927,0.00189528547738,0.000734820461494,0.00358995970271,0.00231106377126,0.0,0.0053946656518
298,0.00048828125,0.001708984375,0.000527293090736,0.00294382977951,0.00166348436297,0.0,0.00363615322926
299,0.00147130946542,0.00122609122119,0.0,0.00213757699685,0.000855422886189,0.0,0.00201848619766
300,0.0,0.000733998825602,0.0,0.001454484995,0.000170798480962,0.0,0.000789574723087
301,0.00057290174735,0.000143225436838,0.0,0.00118109400391,0.0,0.0,1.02545308577e-09
302,0.00119402985075,0.000746268656716,0.0,0.00139509020995,0.000111270453584,0.0,0.000534622831719
303,0.000536672629696,0.00143112701252,0.000217777971687,0.00254358765823,0.00126234436501,0.0,0.00243486531673
304,0.000193423597679,0.000773694390716,0.0,0.00183658903178,0.000553759704647,0.0,0.000911398063213
305,0.00120216389501,0.000801442596674,0.0,0.00190236240326,0.00061968062775,0.0,0.00130180917441
306,0.000263574064312,0.00105429625725,0.0,0.00192630746827,0.000643679409538,0.0,0.00150834734544
307,0.0,0.000252972426006,0.0,0.000985111642407,0.0,0.0,8.26266621699e-10
308,0.0,0.000811688311688,0.0,0.00150206855619,0.000218488787965,0.0,0.000897447011265
309,0.00018573551263,0.00148588410104,0.000278773824452,0.00212972536,0.000847553635499,0.0,0.0018024670836
310,0.000202675314147,0.00121605188488,0.0,0.00186456413393,0.00058179756428,0.0,0.00135406775577
311,0.000411692054343,0.00164676821737,0.00045798831773,0.00236911260523,0.00108747790622,0.0,0.00227852038481
312,0.00187617260788,0.00375234521576,0.00280346482234,0.00630944909264,0.00503665388365,0.01,0.0141129756334
313,0.0,0.00294985250737,0.00190953988201,0.00576870143629,0.00449469314981,0.0,0.0174885279042
314,0.0,0.00787401574803,0.00739473904341,0.0101177157125,0.00885346371678,0.01,0.0167535399127
315,0.0,0.00458015267176,0.00372558875315,0.00610945730799,0.00483621345068,0.01,0.00891950069793
316,0.0030888030888,0.0023166023166,0.00120414015304,0.00291795643244,0.00163755297334,0.0,0.00314636673938
317,0.00172265288544,0.00516795865633,0.00438036657754,0.00577530291611,0.00450130943895,0.01,0.00956704244561
318,0.0016592920354,0.00276548672566,0.00170416833322,0.00436674863464,0.00308959530006,0.0,0.00632527519889
319,0.00093808630394,0.00281425891182,0.00175849739209,0.00449729882004,0.00322043835309,0.0,0.00767706304063
320,0.00187617260788,0.00375234521576,0.00280346482234,0.00499988997199,0.00372415698476,0.0,0.00996989906844
321,0.0,0.00199600798403,0.000847018815214,0.0028930419634,0.00161258261283,0.0,0.00327408338366
322,0.00199600798403,0.00199600798403,0.000847018815214,0.00500376577444,0.00372804148194,0.0,0.0111987157274
323,0.00121802679659,0.00304506699147,0.00201560265508,0.0040415098464,0.00276362689265,0.0,0.0057186517155
324,0.00225515463918,0.00225515463918,0.00113569141724,0.00355710576482,0.00227813613102,0.0,0.00558978978498
325,0.00155520995334,0.00435458786936,0.00347432416169,0.00551116523297,0.00423657920681,0.0,0.0097497736148
326,0.00401606425703,0.0,0.0,0.000369419771592,0.0,0.0,4.31176107782e-11
327,0.00110650069156,0.000414937759336,0.0,0.000961447276487,0.0,0.0,0.000483446521398
328,0.0,0.0,0.0,0.000360059788537,0.0,0.01,2.84741472214e-11
329,0.00144948543267,0.00144948543267,0.000238228063587,0.00212697426509,0.00084479636896,0.0,0.0018960386869
330,0.0,0.00172711571675,0.000547490232,0.00138021288886,9.63597577005e-05,0.0,6.91293278504e-05
331,0.000690226394257,0.00151849806737,0.000315103672184,0.00224135044395,0.000959429131765,0.0,0.00209209822968
332,0.0,0.0,0.0,0.000389809016176,0.0,0.01,7.88602078047e-11
333,0.000592241634587,0.00103642286053,0.0,0.00165774862058,0.000374518094707,0.0,0.0010028396678
334,0.0,0.001393728223,0.00017611814058,0.00265893985381,0.00137795533406,0.0,0.0024632527389
335,0.00102915951973,0.00205831903945,0.000916429298219,0.00416618788032,0.00288858462102,0.0,0.00649053743744
336,0.0,0.00200534759358,0.0008574225358,0.00315508446601,0.00187521296424,0.0,0.00363155368031
337,0.00103114044133,0.00268096514745,0.00161001676528,0.00366469827613,0.00238597000825,0.0,0.00488864147114
338,0.000936768149883,0.00257611241218,0.00149321760418,0.00363386884163,0.00235507141303,0.0,0.0054897981289
339,0.00157150340492,0.003404924044,0.00241646012188,0.00447510422737,0.00319819397055,0.0,0.00703499167389
340,0.000176118351532,0.000352236703064,0.0,0.00181555408974,0.000532677574202,0.0,0.00106210189491
341,0.0,0.000878889084198,0.0,0.00195810837764,0.000675551658955,0.0,0.001378035576
342,0.0,0.00146484375,0.000255336235111,0.00225378198674,0.000971888562657,0.0,0.00202291723105
343,0.00177053824363,0.00247875354108,0.00138476612278,0.00466695424728,0.00339047437409,0.0,0.0113154458462
344,0.00109970674487,0.00109970674487,0.0,0.00310436899083,0.00182438371732,0.0,0.00442232342565
345,0.000412371134021,0.0,0.0,0.00231085917405,0.00102909379315,0.0,0.000530130199875
346,0.0039656311963,0.00264375413087,0.00156856610107,0.00512255377368,0.00384709596231,0.0,0.0173453082823
347,0.00241109101869,0.00391802290536,0.002988019046,0.00696767149427,0.00569635289784,0.0,0.0246604118859
348,0.00172067679954,0.00172067679954,0.000540317694949,0.00463087062132,0.00335430980051,0.0,0.0140623761973
349,0.00307520268381,0.00223651104277,0.00111492365745,0.00528884499225,0.00401376022759,0.0,0.0204069619268
350,0.00220385674931,0.00716253443526,0.0066021949076,0.0105583331959,0.00929506965225,0.01,0.0396692548298
351,0.00166889185581,0.00467289719626,0.00382890015108,0.00829516543048,0.00702682484606,0.0,0.0443840121836
352,0.00186277553555,0.00279416330332,0.0017361121848,0.00653221053899,0.00525991505828,0.0,0.0307116351037
353,0.000542593597396,0.00271296798698,0.0016456658573,0.00784646051911,0.0065771133398,0.0,0.0718700963915
354,0.000591715976331,0.00650887573964,0.00587406142506,0.0128760042601,0.0116179400262,0.01,0.115296623946
355,0.000609013398295,0.0,0.0,0.00490791081029,0.00363197148311,0.0,0.0397032746888
356,0.00128493414712,0.00289110183103,0.00184409543087,0.00551738455146,0.00424281247732,0.0,0.0197609319542
357,0.00188222640495,0.00295778435063,0.00191837544206,0.00585677960346,0.00458296890571,0.0,0.0290010248567
358,0.000793231094659,0.00237969328398,0.00127441940749,0.00591756113934,0.00464388679486,0.0,0.0297849148046
359,0.00187382885696,0.00437226733292,0.00349401793989,0.00767325823179,0.00640352250193,0.0,0.0301585422442
360,0.00030312215823,0.00333434374053,0.00233783823172,0.00793793296144,0.00666879098536,0.0,0.0393311324381
361,0.000942507068803,0.00408419729815,0.00317312656486,0.0082495376435,0.00698109470073,0.0,0.0498016066504
362,0.00157878118093,0.00378907483423,0.00284437924019,0.00568493311037,0.00441073690357,0.0,0.0154959529923
363,0.00174064403829,0.00282854656223,0.00177441290996,0.00633527971419,0.00506254245191,0.0,0.0333337934973
364,0.000853970964987,0.00448334756618,0.00361775413071,0.00810770160074,0.00683894047238,0.0,0.0405485006331
365,0.000908677873694,0.00545206724216,0.00469684515483,0.00727144487968,0.00600080774835,0.01,0.0148505474882
366,0.00126796280642,0.000845308537616,0.0,0.00306444771839,0.00178437288815,0.0,0.00377289794871
367,0.00164744645799,0.00329489291598,0.0022938925664,0.00525062833829,0.00397545784092,0.0,0.0131178799738
368,0.00412711514651,0.00433347090384,0.00345080122878,0.00731983249738,0.00604930391563,0.0,0.0296944854214
369,0.0,0.00244498777506,0.00134715324474,0.00523477316045,0.00395956709463,0.0,0.0162682347888
370,0.00307988450433,0.00365736284889,0.00269766061285,0.00692794812083,0.00565654041162,0.0,0.0314280679645
371,0.00235756385069,0.00294695481336,0.00190631203842,0.00635440376971,0.00508170940906,0.0,0.0274844991308
372,0.0,0.00250156347717,0.00141017491535,0.00664666811701,0.00537462940286,0.0,0.0480156593871
373,0.0,0.00126063662149,2.78627101096e-05,0.00529284374821,0.00401776795409,0.0,0.0385333075305
374,0.000359066427289,0.000359066427289,0.0,0.00463996050024,0.00336342007107,0.0,0.0348527560518
375,0.00130293159609,0.00651465798046,0.0058805024671,0.0102122785242,0.00894823866439,0.0,0.0530961005374
376,0.0,0.00282485875706,0.00177030493368,0.00645362089866,0.00518114911516,0.0,0.0379674266538
377,0.00165198237885,0.00715859030837,0.00659780140551,0.0118031427599,0.0105426717395,0.01,0.0562398226546
378,0.00294261893085,0.00245218244237,0.00135516763849,0.00294124887952,0.00166089767315,0.0,0.00325733472627
379,0.00191021967526,0.00191021967526,0.000751456191409,0.00355264057216,0.00227366092144,0.0,0.00482175897327
380,0.0,0.00247402276101,0.00137949633996,0.00286694471281,0.0015864268174,0.0,0.0031905822896
381,0.00109669164687,0.000365563882288,0.0,0.00103477143362,0.0,0.0,2.5451406094e-09
382,0.000754716981132,0.000943396226415,0.0,0.00190922859889,0.000626562226553,0.0,0.00157412395589
383,0.00108735048931,0.000906125407756,0.0,0.00173699360486,0.000453940851932,0.0,0.00121722492422
384,0.00359342915811,0.00359342915811,0.00262644261906,0.00518817363971,0.0039128630356,0.0,0.0105863167267
385,0.00180995475113,0.00316742081448,0.00215189689524,0.0042634054896,0.00298602032184,0.0,0.00667760584324
386,0.00216262975779,0.00432525951557,0.00344165427368,0.00588327613921,0.00460952488204,0.01,0.00873297749345
387,0.00202183582693,0.00222401940962,0.00110100878657,0.00383366866737,0.00255531945647,0.0,0.00570955983906
388,0.000531632110579,0.00194931773879,0.000795008903779,0.00289480360411,0.00161434820549,0.0,0.00314085488328
389,0.00151950025325,0.00253250042208,0.00144463666976,0.00400846476064,0.00273050767573,0.0,0.00568555801436
390,0.0177439797212,0.0114068441065,0.0113300811923,0.0144506496216,0.0131961178429,0.01,0.044348664384
391,0.0144927536232,0.0132850241546,0.0134222522113,0.014190136173,0.0129350199757,0.01,0.0328257314591
392,0.0127758420441,0.0185830429733,0.019323902291,0.017598334669,0.0163508641985,0.01,0.0405533207822
393,0.0154185022026,0.00881057268722,0.00843800286031,0.010651781669,0.00938872776147,0.01,0.0269068509577
394,0.0187534473249,0.0126861555433,0.0127551513367,0.0131802407058,0.0119228589759,0.01,0.028225775485
395,0.0161021654636,0.0127706829539,0.0128493094016,0.014952392751,0.0136989865496,0.01,0.0353499124123
396,0.0140093395597,0.00533689126084,0.00456854656575,0.0076806401765,0.00641092100682,0.0,0.0213828932402
397,0.0134138162307,0.00871898054997,0.00833597514719,0.0115332310385,0.0102721545161,0.01,0.0323100969766
398,0.013037809648,0.00717079530639,0.0066113969834,0.0102309373891,0.00896693938734,0.01,0.0241410613977
399,0.0319796954315,0.00913705583756,0.00880168396001,0.0109241429274,0.00966170001702,0.01,0.0277195614755
400,0.0212264150943,0.011320754717,0.0112341831841,0.0137689839659,0.0125129229836,0.01,0.0304295553529
401,0.0248226950355,0.0106382978723,0.0104739704273,0.0124673743086,0.0112083933814,0.01,0.027705790504
402,0.00417661097852,0.00656324582339,0.00593462617955,0.00843548768152,0.00716746188675,0.01,0.0200965383527
403,0.00177095631641,0.00177095631641,0.000596325822684,0.00443467423676,0.00315767328197,0.0,0.00995439761266
404,0.00238521168754,0.0077519379845,0.00725875231563,0.0086862788192,0.00741881563267,0.01,0.0187959586267
405,0.00256629597947,0.00855431993157,0.00815255387502,0.0126506569579,0.0113920871948,0.01,0.0395215876479
406,0.00157977883096,0.0102685624013,0.0100621090416,0.0132718757209,0.0120146995589,0.01,0.0386341983524
407,0.00337552742616,0.00675105485232,0.0061438332829,0.0107487548566,0.00948591849223,0.01,0.027318221306
408,0.00953137410643,0.00714853057983,0.00658659551897,0.0094801015396,0.0082144191624,0.01,0.0212297963587
409,0.0180327868852,0.016393442623,0.0168848292102,0.0163080893831,0.0150577244618,0.01,0.038057652719
410,0.0072,0.0088,0.008426225571,0.0122684468319,0.011009019644,0.01,0.038228014415
411,0.00610169491525,0.0128813559322,0.0129725919367,0.0173283717997,0.0160802957125,0.01,0.057358896985
412,0.00388601036269,0.00841968911917,0.00800258386323,0.0113640647708,0.010102608752,0.01,0.0372327967862
413,0.00562851782364,0.0100062539087,0.0097699143573,0.0139317901335,0.0126760943798,0.01,0.0516202068226
414,0.00541711809317,0.0162513542795,0.0167265519915,0.0175471103731,0.0162995249895,0.01,0.0523413185864
415,0.00647948164147,0.0097192224622,0.00945017990241,0.0149539465535,0.0137005438379,0.01,0.0522078589356
416,0.00462427745665,0.0161849710983,0.0166526054239,0.0198933774794,0.018651055556,0.01,0.0749754327105
417,0.0162454873646,0.0306859205776,0.0328057246517,0.0324403701607,0.0312261953301,0.02,0.0754520584256
418,0.0116054158607,0.0174081237911,0.018015118362,0.0192480323866,0.0180042627388,0.01,0.0584421909567
419,0.0098814229249,0.0237154150198,0.0250410325869,0.0237785021972,0.0225448959055,0.02,0.0679932989281
420,0.0108459869848,0.00867678958785,0.00828897714597,0.0127209807259,0.0114625687225,0.01,0.0368305484494
421,0.0232558139535,0.0126849894292,0.0127538523611,0.0181932202634,0.01694708432,0.01,0.0513234295956
422,0.0281385281385,0.00865800865801,0.00826805640561,0.0106278658192,0.0093647582604,0.0,0.0387672845832
423,0.004833141542,0.00322209436133,0.002212799688,0.0043953895733,0.0031183004899,0.0,0.00664390636065
424,0.00693802035153,0.00231267345051,0.00119976365048,0.00313615296256,0.00185623899111,0.0,0.00373801455802
425,0.015671813782,0.00299608204655,0.00196103659671,0.00361152242914,0.00233267487008,0.0,0.0045291041827
426,0.0105020860308,0.00287728384405,0.00182870308767,0.0038613271119,0.00258303994813,0.0,0.00515296843708
427,0.0087374399301,0.00378622396971,0.00284120356163,0.00484841487033,0.00357234207389,0.0,0.00724263319921
428,0.0119135166936,0.00308868951316,0.00206419532102,0.004229989967,0.00295252983708,0.0,0.00593228170374
429,0.0178571428571,0.0,0.0,0.00110860558248,0.0,0.01,9.95591233003e-10
430,0.00753863550697,0.0065963060686,0.00597145315308,0.00803045741305,0.00676152300019,0.01,0.0136613503289
431,0.00477554918816,0.0043935052531,0.00351767560847,0.005623705761,0.00434937220082,0.0,0.0107386886039
432,0.0055459934978,0.00803212851406,0.00757086643181,0.00919163455669,0.00792530505176,0.01,0.0168054616341
433,0.000384024577573,0.00153609831029,0.000334709203727,0.00235594529483,0.00107428105715,0.0,0.0022360671425
434,0.000801603206413,0.00160320641283,0.000409463286756,0.00236660858219,0.00108496826582,0.0,0.00230008276578
435,0.0011350737798,0.00151343170639,0.000309460073953,0.00236072367972,0.00107907016155,0.0,0.0022856534446
436,0.000916870415648,0.000611246943765,0.0,0.0016211552357,0.000337842618648,0.0,0.000991032255306
437,0.000316656111463,0.000633312222926,0.0,0.0012159859824,0.0,0.0,0.000645571204916
438,0.001194386384,0.000597193191998,0.0,0.00125812710206,0.0,0.0,0.000604712648152
439,0.0,0.000424358158286,0.0,0.00121793924543,0.0,0.0,0.000266751639605
440,0.0002679528403,0.0005359056806,0.0,0.000880082120511,0.0,0.0,0.000210999746116
441,0.0,0.000493096646943,0.0,0.000897427544877,0.0,0.0,2.60234354882e-09
442,0.000865176640231,0.000720980533526,0.0,0.00142824222793,0.000144496842608,0.0,0.000921306103713
443,0.00289855072464,0.0,0.0,0.000323746245157,0.0,0.01,2.97791698687e-11
444,0.00116669097273,0.00131252734432,8.56656170032e-05,0.00195622740315,0.000673666464815,0.0,0.00168191478595
445,0.000884303610906,0.000884303610906,0.0,0.00174767325659,0.000464644461685,0.0,0.00110465446313
446,0.00296735905045,0.000989119683482,0.0,0.00346311171332,0.00218393121949,0.0,0.00629288140853
447,0.00582437275986,0.00268817204301,0.0016180447805,0.0043994981942,0.00312241832781,0.0,0.00752407735677
448,0.00453608247423,0.0020618556701,0.000920368875877,0.00375696124821,0.00247843995697,0.0,0.00577103696246
449,0.00282929896259,0.00220056585979,0.00107488304996,0.00357079833071,0.0022918594139,0.0,0.00498925991653
450,0.00268006700168,0.00167504187605,0.000489483343639,0.00342606212791,0.00214679851949,0.0,0.00488131670811
451,0.00145454545455,0.00218181818182,0.00105399935003,0.00374258347986,0.00246402993449,0.0,0.00552959682186
452,0.00127713920817,0.000729793833242,0.0,0.00211204882224,0.000829837443362,0.0,0.000982264896845
453,0.00189753320683,0.0011385199241,0.0,0.00281002595,0.0015293803668,0.0,0.00285478748125
454,0.00193610842207,0.000774443368829,0.0,0.00238240573289,0.00110080085481,0.0,0.00180589958232
455,0.00295217476875,0.00492029128124,0.00410448115057,0.00656805111354,0.0052958360352,0.0,0.0136604054825
456,0.008356545961,0.00557103064067,0.00482936268153,0.00673327743469,0.00546143301415,0.01,0.00951584996245
457,0.00468475502635,0.00429435877416,0.00340723284762,0.0054774816286,0.00420282003888,0.0,0.0101240439526
458,0.00126262626263,0.00252525252525,0.00143656298177,0.00399895393828,0.00272097551742,0.0,0.00658338218561
459,0.00366002440016,0.00223668157788,0.00111511362252,0.0043214461415,0.0030441911783,0.0,0.00764642844374
460,0.00116822429907,0.00233644859813,0.00122624762622,0.00503057248374,0.00375490832763,0.0,0.0118254771777
461,0.00217332246672,0.00353164900842,0.00255762353068,0.00664631350514,0.00537427399548,0.0,0.0200057957892
462,0.00418410041841,0.00418410041841,0.00328441217517,0.0070320388968,0.00576086469794,0.01,0.0202458651149
463,0.00344135359908,0.023802695727,0.025138257646,0.0381043458061,0.0369028771635,0.01,0.325006659495
464,0.00365185636032,0.0249543517955,0.0264211279719,0.0428664253387,0.0416756396301,0.02,0.363068810697
465,0.00237670825906,0.0297088532383,0.0317173348708,0.0440971348036,0.0429091099872,0.02,0.356353562112
466,0.000676589986468,0.000845737483085,0.0,0.00161391392697,0.000330585065239,0.0,0.000876411960915
467,0.0,0.0016393442623,0.000449718512246,0.00174265237476,0.000459612316347,0.0,0.000844231218262
468,0.00022578460149,0.000677353804471,0.0,0.0012957818402,1.17393020134e-05,0.0,0.000671186861013
469,0.00118360704246,0.000887705281846,0.0,0.00151175902835,0.000228200999085,0.0,0.0007780939362
470,0.00754786450663,0.00165684830633,0.000469216884454,0.00232393087766,0.00104219482096,0.0,0.00218251666081
471,0.0051461128469,0.00202168718985,0.000875623788559,0.0032631514266,0.0019835223551,0.0,0.00416680438484
472,0.00390770375884,0.000744324525493,0.0,0.00169399940261,0.000410850199343,0.0,0.000888510731253
473,0.0,0.0,0.0,0.00122139525696,0.0,0.0,1.62990153669e-09
474,0.00130804447351,0.00174405929802,0.00056636428495,0.00262678834492,0.0013457316986,0.0,0.00268095113794
475,0.0,0.0,0.0,0.00131816516209,3.41728371647e-05,0.0,1.48247225327e-09
476,0.00189314261674,0.00126209507783,2.94873360768e-05,0.00228673205805,0.00100491255198,0.0,0.00195303891348
477,0.00738916256158,0.0,0.0,0.00181697423056,0.000534100900879,0.0,4.61149786607e-08
478,0.00164203612479,0.00164203612479,0.000452717072855,0.00396304849272,0.00268498952396,0.0,0.00665286199148
479,0.000739462657136,0.00172541286665,0.000545593367193,0.00397448009393,0.00269644677007,0.0,0.0071861533073
480,0.000514668039115,0.00308800823469,0.00206343642089,0.00525719969542,0.00398204393979,0.0,0.00994527256654
481,0.00328947368421,0.00109649122807,0.0,0.00172861100128,0.000445539443382,0.0,0.00143377182145
482,0.00107411385607,0.00107411385607,0.0,0.00159453114348,0.000311158799703,0.0,0.00081468710117
483,0.0,0.0,0.0,0.000533621104455,0.0,0.0,6.98106715724e-11
484,0.000248880039821,0.00149328023892,0.000287012643382,0.00239076415427,0.00110917802691,0.0,0.00215756310698
485,0.00279329608939,0.00279329608939,0.0017351461646,0.00458587740475,0.00330921564914,0.0,0.00772270812704
486,0.00203320908167,0.00237207726195,0.00126593565185,0.00381253614287,0.00253413952467,0.0,0.0055274897146
487,0.00260671228413,0.00358422939068,0.00261619467355,0.004848001405,0.00357192768102,0.0,0.00939085973285
488,0.000358037952023,0.00214822771214,0.00101658174076,0.00431069270804,0.0030334136213,0.0,0.00775936367872
489,0.00327439423707,0.00130975769483,8.25804067177e-05,0.0034391728089,0.00215993861211,0.0,0.00504407748971
490,0.00269996625042,0.00168747890651,0.000503337390663,0.00358930689569,0.00231040949977,0.0,0.00507757399027
491,0.000884955752212,0.00206489675516,0.000923756447816,0.00384382188995,0.00256549545612,0.0,0.00667764809627
492,0.000592943966795,0.00266824785058,0.00159585051961,0.00398819007312,0.00271018750532,0.0,0.00619522740416
493,0.00175695461201,0.00204978038067,0.000906917784957,0.00280756110223,0.00152690998955,0.0,0.00340309643617
494,0.00156838143036,0.00313676286073,0.00211774591893,0.00446315559589,0.0031862185343,0.0,0.00789590417394
495,0.00126782884311,0.00158478605388,0.000388944199047,0.00300728455722,0.00172708149092,0.0,0.00389428573998
496,0.000712250712251,0.00249287749288,0.00140049929099,0.00454620541433,0.0032694546612,0.0,0.00747330028431
497,0.000302297460701,0.00151148730351,0.000307294134977,0.00364936270217,0.00237060003147,0.0,0.00599665632473
498,0.0,0.00236326806212,0.00125612277337,0.00365228233652,0.00237352621554,0.0,0.00451487422856
499,0.000294637595757,0.00117855038303,0.0,0.00311913375196,0.00183918160075,0.0,0.00372614419256
500,0.0,0.00217924271316,0.00105113044463,0.00317766428407,0.00189784343637,0.0,0.00397666688419
501,0.000814553353245,0.00162910670649,0.000438314537647,0.00232424237728,0.00104250701937,0.0,0.00209494240425
502,0.000286450873675,0.0011458034947,0.0,0.00233332099108,0.00105160599953,0.0,0.0020129067681
503,0.0,0.0049504950495,0.00413812619364,0.00482648763926,0.00355036565272,0.01,0.00782606642399
504,0.000277777777778,0.00152777777778,0.000325440669005,0.00278147701539,0.0015007673874,0.0,0.00272816922451
505,0.000415110004151,0.00124533001245,1.08121382724e-05,0.00213084438027,0.000848675166104,0.0,0.00161245698782
506,0.000603621730382,0.00140845070423,0.00019251803184,0.00356141177334,0.00228245179936,0.0,0.00643122964459
507,0.000202470135655,0.0022271714922,0.00110452000256,0.00472079142514,0.00344443232672,0.0,0.0126742195158
508,0.000967585873246,0.0062893081761,0.00562947736954,0.0105838668189,0.0093206605557,0.0,0.0482947000145
509,0.0,0.00418215613383,0.00328224636798,0.00892236572406,0.00765543215926,0.0,0.0383967429261
510,0.0023942537909,0.00399042298484,0.00306866804885,0.00769505294736,0.00642536611033,0.0,0.0310332953072
511,0.001447596989,0.00521134916039,0.00442870079086,0.00854200014761,0.00727421329586,0.0,0.0322470106701
512,0.000654878847413,0.00294695481336,0.00190631203842,0.00667009385375,0.00539810769135,0.0,0.0271488684954
513,0.00131868131868,0.00175824175824,0.000582162627761,0.00452040399247,0.00324359535814,0.0,0.012406063901
514,0.0,0.00557461406518,0.00483335438452,0.00864153974069,0.00737397618947,0.0,0.0369107601248
515,0.00059470710675,0.009515313708,0.00922303874707,0.0151285973622,0.0138755864466,0.01,0.0761909356288
516,0.000238208670796,0.00976655550262,0.00950290584607,0.0161783477011,0.0149276917259,0.01,0.103416389688
517,0.000713775874375,0.00713775874375,0.00657459639073,0.0141744669036,0.0129193155549,0.0,0.0913515187373
518,0.000742206828303,0.00470064324592,0.00385980745469,0.0123817483412,0.0111225753263,0.0,0.100493057432
519,0.000227531285552,0.0061433447099,0.00546688351485,0.0127838875608,0.0115256166785,0.0,0.0962251325462
520,0.0,0.0071305099395,0.00656652169193,0.0144049832109,0.0131503489872,0.0,0.11076240122
521,0.0,0.00915672913118,0.00882359873585,0.0154495770051,0.014197286154,0.01,0.126074103099
522,0.0,0.00787066581578,0.0073910074357,0.0160928538147,0.0148420060482,0.0,0.14535096756
523,0.000854518265328,0.00640888698996,0.00576268042912,0.0144374325736,0.0131828711446,0.0,0.126868082538
524,0.000402252614642,0.0076427996782,0.00713717930578,0.0170829956977,0.0158343691499,0.0,0.152457550664
525,0.0,0.00637450199203,0.0057243777668,0.0143060997773,0.0130512437251,0.0,0.127974129531
526,0.000203210729527,0.0069091648039,0.00631995753619,0.0146059467925,0.0133517633972,0.0,0.127442371157
527,0.0,0.00650502661147,0.00586977374539,0.0148540241992,0.0136003973243,0.0,0.130525387055
528,0.000385579332948,0.00867553499132,0.00828757960663,0.0159968478406,0.0147457847006,0.0,0.124075954004
529,0.000677736360556,0.00711623178584,0.00655061675282,0.0150739701431,0.0138208366804,0.01,0.113761902711
530,0.0,0.00778898920163,0.00730002497359,0.0157765185684,0.0145249611563,0.0,0.133082667972
531,0.000180147721131,0.00540443163394,0.00464378217022,0.0139977454004,0.0127421976064,0.0,0.114030169652
532,0.000203998368013,0.00611995104039,0.00544082448105,0.0159674911255,0.0147163621286,0.01,0.129547711764
533,0.0,0.00524193548387,0.00446277197569,0.0130071210941,0.0117493509991,0.0,0.126390736129
534,0.000202880908906,0.00811523635626,0.00766344318934,0.0158514192782,0.0146000298934,0.01,0.126101685577
535,0.00078125,0.003125,0.00210464285336,0.00770207317778,0.00643240208947,0.0,0.0527979694663
536,0.00105042016807,0.00735294117647,0.00681429569431,0.0104800601213,0.00921662098503,0.0,0.0526122981742
537,0.0,0.0011013215859,0.0,0.00184252586985,0.000559709861018,0.0,0.00096787680136
538,0.0,0.000523925951799,0.0,0.00192456349847,0.000641931527424,0.0,0.00125639474907
539,0.0,0.00105782792666,0.0,0.00175198472559,0.000468965602756,0.0,0.00117368506471
540,0.00413793103448,0.00505747126437,0.00425729077357,0.00610531285372,0.00483205969901,0.01,0.00920146764824
541,0.0040626813697,0.0037724898433,0.00282590463367,0.00584464661882,0.00457080870274,0.0,0.0109826586768
542,0.00319343065693,0.00456204379562,0.00370541663713,0.00582958476614,0.00455571306129,0.0,0.00989866701158
543,0.00405092592593,0.00578703703704,0.00506997982729,0.00624165830305,0.00496871101669,0.0,0.0109375554502
544,0.00235515779557,0.00235515779557,0.00124708846132,0.00406000246925,0.00278216100062,0.0,0.00612205782203
545,0.000611995104039,0.0030599755202,0.0020322097912,0.0042194686686,0.00294198493589,0.0,0.0064932135826
546,0.002828854314,0.00323297635886,0.00222492152897,0.00488680498838,0.00361081831379,0.0,0.00734048922253
547,0.00379772136718,0.00319808115131,0.00218605052616,0.00440667820418,0.00312961444495,0.0,0.00690638648537
548,0.00338443161457,0.00278717897671,0.00172833209697,0.00458865376355,0.00331199823624,0.0,0.00778716113442
549,0.00467194799919,0.00467194799919,0.00382784280697,0.00568424279217,0.00441004503675,0.0,0.00966960051896
550,0.00372131486459,0.00289435600579,0.00184772037094,0.00411577964498,0.00283806330318,0.0,0.00643824928974
551,0.00380549682875,0.00359408033827,0.00262716799161,0.00459089462371,0.0033142441234,0.0,0.00688744626099
552,0.00418871252205,0.00352733686067,0.00255282007717,0.00414495024613,0.00286729934372,0.0,0.00585808027633
553,0.0034427358274,0.0025246729401,0.00143591736141,0.00356075604212,0.00228179459711,0.0,0.00484484117037
554,0.00335249042146,0.00359195402299,0.00262479941401,0.00426302429587,0.00298563827297,0.0,0.0066805267149
555,0.00322260783342,0.00322260783342,0.00221337166267,0.00433972058207,0.00306250661454,0.0,0.00649928646153
556,0.00423940149626,0.00349127182045,0.00251264595647,0.00506180822247,0.00378621413855,0.0,0.0081893836999
557,0.00133908644547,0.00238059812528,0.00127542734214,0.00424488703859,0.00296746032777,0.0,0.00901570625792
558,0.00218308834231,0.00261970601077,0.00154177805166,0.00434975480102,0.0030725633436,0.0,0.00785790820001
559,0.000655200655201,0.0027846027846,0.0017254623857,0.00426343374419,0.00298604863982,0.0,0.00673787237532
560,0.00127490039841,0.00302788844622,0.00199646686744,0.00434271603748,0.00306550878976,0.0,0.00681512412074
561,0.000637653435358,0.00478240076518,0.00395088003986,0.00574744583593,0.00447338986604,0.0,0.0102542809796
562,0.00311951647495,0.003704425814,0.00275008571009,0.00548039774537,0.00420574269748,0.0,0.0130997492553
563,0.00152207001522,0.00475646879756,0.00392199350623,0.005847698296,0.00457386722584,0.0,0.0109408496322
564,0.00038887808672,0.00349990278048,0.00252226028735,0.00568662818046,0.00441243577627,0.0,0.0135122478572
565,0.00194678780013,0.00681375730045,0.00621367975206,0.00967697017204,0.0084117294369,0.01,0.0261516511387
566,0.0036563071298,0.0073126142596,0.00676937411884,0.00891928939591,0.00765234892988,0.01,0.0201034277543
567,0.00226564712546,0.00509770603229,0.00430210970106,0.00790955012569,0.00664034447743,0.01,0.0188654465645
568,0.00389483933788,0.0107108081792,0.0105547422163,0.0108581419828,0.0095955510103,0.01,0.0200306283361
569,0.000520833333333,0.00677083333333,0.0061658652307,0.00830843557364,0.00704012475859,0.01,0.0183926024384
570,0.0014880952381,0.00744047619048,0.0069118040347,0.00875426849746,0.00748695783447,0.01,0.0202701133277
571,0.00224719101124,0.0121348314607,0.01214101199,0.0149652913034,0.0137119140378,0.01,0.0374431120824
572,0.00350740452065,0.00857365549493,0.00817409244123,0.0110774764043,0.00981537747216,0.01,0.0322487953798
573,0.000403551251009,0.00726392251816,0.00671513467018,0.00932596490746,0.00805993675035,0.01,0.024085181142
574,0.00474683544304,0.0100210970464,0.00978644865209,0.0134347491327,0.0121779383501,0.01,0.0334249799567
575,0.00204708290686,0.010747185261,0.0105952639312,0.0123782826516,0.0111191018621,0.01,0.0295814203017
576,0.0030737704918,0.00922131147541,0.0088955392876,0.0111267586218,0.00986477024613,0.01,0.0293120917862
577,0.00502512562814,0.0175879396985,0.0182154216453,0.0188417321511,0.0175970510363,0.01,0.0479227906226
578,0.00356234096692,0.0147582697201,0.0150633524238,0.0188656748438,0.0176210474405,0.01,0.0504550861524
579,0.00300150075038,0.0170085042521,0.0175699680587,0.0183441507024,0.0170983533463,0.01,0.0465444587634
580,0.000775394158697,0.00413543551305,0.00323020262016,0.00650129386649,0.00522892902937,0.0,0.0158888871003
581,0.000532907007727,0.00479616306954,0.00396621035623,0.00684970508169,0.00557812184722,0.01,0.0142297461847
582,0.00215169445939,0.00995158687466,0.00970901881941,0.0111322912885,0.0098703153244,0.01,0.0237104942292
583,0.00132978723404,0.00478723404255,0.00395626399804,0.00656473424672,0.00529251172754,0.0,0.0151572035586
584,0.00138773244518,0.00555092978074,0.00480697162448,0.00754853902744,0.00627852351078,0.01,0.0157615397006
585,0.00143061516452,0.0065808297568,0.00595421354335,0.0087427844304,0.00747544800482,0.01,0.0199011031514
586,0.00110223201984,0.00633783411408,0.00568353212388,0.00780161810111,0.00653217032529,0.01,0.0171160457976
587,0.0016713091922,0.0050139275766,0.00420878592351,0.00678917044752,0.00551745141366,0.0,0.0185828033167
588,0.000572082379863,0.00429061784897,0.00340306569908,0.00635662326115,0.00508393387957,0.0,0.0157638288975
589,0.000280033604032,0.00756090730888,0.00704595650637,0.00867093116253,0.00740343354608,0.01,0.0205979832654
590,0.000838926174497,0.00195749440716,0.000804117183151,0.00383086463123,0.00255250912995,0.0,0.00799886778854
591,0.00110192837466,0.00495867768595,0.00414724112107,0.00693020397265,0.00565880132406,0.01,0.0138465285454
592,0.000273747604708,0.00355871886121,0.00258777759474,0.0054819738408,0.00420732232862,0.0,0.0129040371839
593,0.00133049494412,0.00399148483236,0.00306985087827,0.00563869255414,0.00436439261434,0.0,0.0138955345789
594,0.00019512195122,0.00175609756098,0.000579774130778,0.003253733248,0.00197408304838,0.0,0.00496385192692
595,0.000206568890725,0.00289196447015,0.00184505635502,0.00484741259625,0.00357133755137,0.0,0.0109755702903
596,0.00082287595145,0.00246862785435,0.00137348676309,0.00383533714659,0.00255699167865,0.0,0.00637481573639
597,0.0017094017094,0.0045584045584,0.0037013627624,0.00702530265132,0.00575411334081,0.01,0.0163999844488
598,0.00124262193228,0.00372786579683,0.00277619633394,0.00604379200174,0.00477040083522,0.0,0.014378268834
599,0.0022271714922,0.0054088450525,0.00464869843286,0.00791370765868,0.00664451133716,0.0,0.0201207002671
600,0.00459770114943,0.00106100795756,0.0,0.00157968989449,0.000296284256833,0.0,0.00108913798435
601,0.00298879202989,0.00124533001245,1.08121382724e-05,0.0018609991214,0.000578224554237,0.0,0.0016234377205
602,0.0,0.0,0.0,0.000120911648223,0.0,0.03,3.31376507445e-12
603,0.00309482545184,0.00136172319881,0.000140466614983,0.00194890638831,0.000666329026499,0.0,0.00175386132042
604,0.00241319211691,0.00107252982974,0.0,0.00146049885822,0.000176825835281,0.0,0.000749764860924
605,0.00139152435168,0.000632511068944,0.0,0.00102933326435,0.0,0.0,0.000448188812736
606,0.00106171201062,0.000530856005309,0.0,0.00112308110706,0.0,0.0,0.000444311627503
607,0.00168539325843,0.00112359550562,0.0,0.0017458939327,0.000462861146184,0.0,0.00125717390914
608,0.00227887765276,0.000569719413189,0.0,0.00118411242498,0.0,0.0,0.000753444389009
609,0.0026525198939,0.000977244171437,0.0,0.00154699738541,0.000263518407546,0.0,0.00103504031775
610,0.003291278113,0.000959956116292,0.0,0.00161521299623,0.000331887048747,0.0,0.00106601000505
611,0.00230798820362,0.000769329401205,0.0,0.00135476491521,7.08546957459e-05,0.0,0.000867680330683
612,0.00153955471341,0.000828990999526,0.0,0.00130862598961,2.46122651391e-05,0.0,0.000784052754505
613,0.00308771929825,0.0019649122807,0.000812380214198,0.00297735149301,0.00169708127686,0.0,0.00340293091194
614,0.00350262697023,0.0,0.0,0.000738841503514,0.0,0.0,4.87797195278e-10
615,0.00272628135224,0.00149945474373,0.000293890642124,0.00226707125091,0.000985207639084,0.0,0.0020757664225
616,0.00335570469799,0.00111856823266,0.0,0.00229800580539,0.0010162115901,0.0,0.00225029050321
617,0.00288620120946,0.00164925783397,0.000460761589497,0.00246685273037,0.00118543729509,0.0,0.00237650015222
618,0.00236127508855,0.00118063754427,0.0,0.00322725246668,0.00194754286183,0.0,0.00450557257302
619,0.0036398932298,0.00412521232711,0.00321881465266,0.00607779387689,0.00480447898792,0.01,0.0125866168453
620,0.00445069102834,0.0065589130944,0.00592979979987,0.00822885970516,0.00696037037487,0.01,0.016234616004
621,0.00440630797774,0.00487012987013,0.004048604585,0.00630378524274,0.00503097732785,0.01,0.0119156168273
622,0.00547316384181,0.00494350282486,0.00413033730792,0.00648402393242,0.00521162035307,0.01,0.0122783526165
623,0.00526602505902,0.00690030869802,0.0063100924074,0.00825044265686,0.00698200174434,0.01,0.0172028038192
624,0.00879554837552,0.00700053850296,0.00642174192329,0.00864278757152,0.00737522681961,0.01,0.0163176219598
625,0.00253979004402,0.00338638672536,0.00239581074864,0.00475692962394,0.00348065159555,0.0,0.00818236132026
626,0.00263678312459,0.0049439683586,0.00413085588238,0.00667817885592,0.00540621083087,0.0,0.0132954394598
627,0.00286339902308,0.00471618662624,0.00387712177442,0.00639506602809,0.00512246288647,0.0,0.0124842713598
628,0.00288760550866,0.00333185251,0.00233506316214,0.00480683331264,0.00353066723489,0.0,0.00906723702368
629,0.00165975103734,0.00829875518672,0.00786787128925,0.00913679574725,0.00787034322057,0.01,0.0176929876209
630,0.00131926121372,0.00351802990325,0.00254245272894,0.00479640930317,0.00352021984088,0.0,0.00824791454267
631,0.00203873598369,0.00509683995923,0.00430114495172,0.00654607490031,0.005273810522,0.01,0.0107304491997
632,0.00418225841955,0.00418225841955,0.00328236030765,0.00514294276512,0.00386753069306,0.0,0.00899503503727
633,0.0,0.00302724520686,0.00199575034043,0.00446724343976,0.00319031554857,0.0,0.00721873637715
634,0.00135531962955,0.00519539191326,0.0044109254503,0.00806321879653,0.00679435787839,0.01,0.0214476827385
635,0.00230627306273,0.00553505535055,0.00478928853664,0.00782410988104,0.00655471256179,0.01,0.0210938461905
636,0.0,0.0,0.0,0.00270114014757,0.00142025029717,0.02,0.00610396460197
637,0.00207660359945,0.00392247346562,0.00299297668209,0.00521031810357,0.00393505717689,0.0,0.0116746809449
638,0.0021017234132,0.00252206809584,0.00143301573349,0.00522585713052,0.00395063106306,0.0,0.0131787609511
639,0.00129757785467,0.00259515570934,0.00151443060475,0.0055991603801,0.00432477175644,0.0,0.0177676440462
640,0.00171969045572,0.00601891659501,0.00532827864778,0.00759130035979,0.00632138077108,0.01,0.0189909346828
641,0.00729927007299,0.00638686131387,0.00573814525144,0.00789871995361,0.00662949000966,0.0,0.0206823833324
642,0.00542005420054,0.0108401084011,0.0106987742953,0.0129349157698,0.0116769836942,0.01,0.031248553555
643,0.00533807829181,0.00889679715302,0.00853405133482,0.0112994399392,0.0100378389453,0.01,0.0315087035842
644,0.000402900886382,0.0022159548751,0.00109202541704,0.00523169234839,0.00395647937127,0.0,0.0168378570003
645,0.00048828125,0.003173828125,0.00215903422449,0.0057878605895,0.00451389528339,0.0,0.0172482316455
646,0.0,0.00320073159579,0.00218900294978,0.00613083016043,0.00485763424956,0.0,0.0196169114444
647,0.000278784499582,0.00362419849456,0.0026607176685,0.00582275406478,0.00454886703638,0.0,0.0171910847834
648,0.000231749710313,0.00648899188876,0.00585191210204,0.0104908062212,0.00922739119198,0.01,0.0372334735329
649,0.000218674830527,0.00830964356003,0.00788000023242,0.0117188419646,0.0104581818295,0.01,0.0440616498474
650,0.000462855820412,0.00694283730618,0.00635746652446,0.00994352430746,0.00867888154223,0.01,0.0380778364033
651,0.000788229111929,0.00472937467157,0.00389181240339,0.00728723794064,0.00601663623842,0.01,0.0185832748437
652,0.00188882892607,0.00377765785213,0.00283166146104,0.00629313273612,0.0050203009241,0.0,0.0160186150898
653,0.00028743891923,0.00632365622305,0.00566773887086,0.00809303195266,0.00682423791538,0.01,0.0201994130652
654,0.000386349001932,0.00167417900837,0.000488522164892,0.00377565820001,0.00249717885228,0.0,0.00853271024247
655,0.0,0.00201994697639,0.000873685303387,0.00416646830233,0.0028888656721,0.0,0.00973203811054
656,0.000373087924388,0.00211416490486,0.000978637977979,0.0040217129475,0.00274378558269,0.0,0.00766608822008
657,0.000424868998725,0.00254921399235,0.00146325450534,0.00439214202891,0.00311504566019,0.0,0.00951593329054
658,0.000618907628037,0.00278508432616,0.00172599879183,0.00457972892825,0.00330305337955,0.0,0.00966605200266
659,0.000773275595422,0.00309310238169,0.00206911097096,0.00467241668077,0.00339594906165,0.0,0.00960338417472
660,0.00329393528386,0.0127882193373,0.0128688437978,0.0155585284539,0.0143064820173,0.01,0.0442698127304
661,0.00970873786408,0.00970873786408,0.00943850073865,0.0167210212397,0.0154715826624,0.01,0.0445423900442
662,0.00277943220171,0.0103236053206,0.0101234232914,0.0132889621496,0.0120318243181,0.01,0.0408317872118
663,0.00351082504389,0.0117027501463,0.0116597013698,0.014805088196,0.0135513515413,0.01,0.046793648694
664,0.00132606453514,0.00736702519523,0.00682998437969,0.00898605302328,0.00771926233035,0.01,0.0236305693633
665,0.00101214574899,0.00650665124349,0.00587158348031,0.00855813368167,0.00729038302282,0.01,0.0220141643077
666,0.0,0.00970873786408,0.00943850073865,0.0115936787773,0.0103327378593,0.01,0.029421557475
667,0.00182841068917,0.00548523206751,0.00473378862386,0.00723178196941,0.00596105586093,0.01,0.0173969514052
668,0.00316297652738,0.00482770101548,0.00400134158689,0.00613071276765,0.00485751659342,0.0,0.0129326266679
669,0.00245418848168,0.00638089005236,0.00573149365257,0.00828981885051,0.00702146627193,0.01,0.0175664851132
670,0.0,0.0,0.0,0.00208283526604,0.000800558351402,0.01,0.000112452967187
671,0.00256328099968,0.00608779237424,0.00540500180824,0.00688616961177,0.00561466817941,0.01,0.0138315400902
672,0.00247921831705,0.00422925477614,0.00333471120732,0.00591999864831,0.00464632977198,0.0,0.0120555998985
673,0.0016576875259,0.00303909379749,0.00200894890356,0.00542281927115,0.00414803505551,0.0,0.0124647842505
674,0.00101591601761,0.00406366407044,0.00315025387809,0.00568245830406,0.00440825654544,0.0,0.0127292666123
675,0.0088835852559,0.00609917793689,0.00541768458816,0.00825966012729,0.00699123989263,0.01,0.0193839349944
676,0.0047619047619,0.0047619047619,0.0039280488187,0.00480082303847,0.00352464347766,0.01,0.0111732722852
677,0.0158032156108,0.00673354404287,0.00612432737447,0.0087419788162,0.00747464058335,0.01,0.0203002683023
678,0.00894454382826,0.00536672629696,0.00460178086509,0.00543762970428,0.00416287871339,0.0,0.00920926385175
679,0.00812791472352,0.00506329113924,0.00426377373752,0.00695285042506,0.00568149858002,0.01,0.0152926513075
680,0.00127506665121,0.00278196360264,0.0017225225078,0.00427091050649,0.00299354217499,0.0,0.00711845370849
681,0.00223713646532,0.00671140939597,0.00609967081036,0.00693912589878,0.00566774326505,0.01,0.0125566526358
682,0.00198089023538,0.00268002796551,0.00160897280524,0.00409958337264,0.00282183069719,0.0,0.00681666474543
683,0.0,0.00205338809035,0.000910936540047,0.00360699997191,0.00232814226747,0.0,0.00507740221175
684,0.00261500059432,0.00416022821823,0.00325782008917,0.00546276205613,0.00418806744549,0.0,0.0106724129289
685,0.00218818380744,0.00218818380744,0.00106109024499,0.00355614868396,0.00227717690311,0.0,0.00486993365485
686,0.00375996390435,0.00451195668522,0.00364962283775,0.00639021735153,0.0051176033327,0.01,0.0128888514047
687,0.00411522633745,0.00685871056241,0.00626375477654,0.00818822085435,0.00691964035755,0.01,0.0181533505404
688,0.00463678516229,0.00618238021638,0.00551036654273,0.00778884684259,0.00651937041657,0.01,0.0168552733001
689,0.00205086136177,0.00492206726825,0.00410645948515,0.00644836840437,0.00517588483777,0.01,0.0136810266467
690,0.00168247170388,0.00428265524625,0.00339419587498,0.00633496944898,0.00506223149067,0.0,0.0139380474917
691,0.00493358633776,0.00493358633776,0.00411929098308,0.00668047204931,0.00540850916866,0.01,0.0136479987399
692,0.00861678004535,0.00816326530612,0.00771694433108,0.0101283331459,0.00886410496855,0.01,0.0236808019551
693,0.0221518987342,0.00316455696203,0.00214870674896,0.00585368972436,0.00457987209497,0.0,0.0130327484087
694,0.00638171564262,0.00860789551796,0.00821223361088,0.0104749128509,0.00921146216751,0.01,0.0230148681422
695,0.013201320132,0.0,0.0,0.00289993419936,0.00161949031037,0.01,0.00472484168526
696,0.0100533130236,0.00853008377761,0.00812555636806,0.0100361264785,0.00877169145081,0.01,0.0224541961093
697,0.00746268656716,0.00248756218905,0.00139457838654,0.00288408259737,0.00160360314795,0.0,0.00350917993415
698,0.0064858490566,0.00825471698113,0.00781881557835,0.0107136480549,0.00945073293434,0.01,0.0234629732441
699,0.0101571946796,0.0118500604595,0.0118237955249,0.0139493699086,0.0126937135922,0.01,0.0339724134854
700,0.0046511627907,0.0093023255814,0.00898578375848,0.0126740144997,0.0114154971354,0.01,0.0328950017653
701,0.00759054435047,0.00824116243765,0.00780371669415,0.0101591811067,0.00889502213164,0.01,0.0248258804062
702,0.00236966824645,0.00947867298578,0.00918222335388,0.00936048641948,0.00809453570564,0.01,0.0186972263235
703,0.0154545454545,0.00636363636364,0.00571227415998,0.0078098744986,0.00654044524464,0.01,0.0136826492633
704,0.0118941949228,0.00781111308361,0.00732466954627,0.00869669203383,0.00742925220761,0.01,0.0150655069867
705,0.00774260151411,0.00378527185134,0.00284014296339,0.00526046986861,0.00398532144908,0.01,0.00830308106181
706,0.00167344011475,0.00478125747071,0.00394960648382,0.00592422446692,0.00465056507051,0.0,0.0121648854339
707,0.00170068027211,0.00534499514091,0.00457757376368,0.00636658393486,0.00509391689839,0.01,0.0123646104782
708,0.00161104718067,0.00207134637514,0.00093094090706,0.00363397681325,0.00235517962687,0.0,0.0063526205634
709,0.0066029143898,0.00865209471767,0.00826146865882,0.0103093349715,0.00904551284174,0.01,0.0255187219284
710,0.0014409221902,0.0028818443804,0.00183378323001,0.00496006836083,0.00368424604044,0.0,0.00887929980659
711,0.00620525059666,0.00930787589499,0.00899196644861,0.0118417132998,0.0105813288061,0.01,0.0301025469932
712,0.00369913686806,0.00369913686806,0.00274419416662,0.00564889677426,0.00437461972593,0.0,0.0122384906041
713,0.00498414136837,0.0070231082918,0.00644688320736,0.00930790708653,0.0080418384197,0.01,0.0223523051713
714,0.00310559006211,0.00931677018634,0.00900187411354,0.0112723342725,0.0100106724715,0.01,0.0282615363251
715,0.00255464093102,0.00482543286971,0.0039988150193,0.00842789877587,0.00715985595665,0.01,0.0223829637098
716,0.00422960725076,0.00936555891239,0.00905622159679,0.01210778484,0.0108479972336,0.01,0.0337126410598
717,0.00184615384615,0.00707692307692,0.00650682939513,0.0103961000488,0.00913247256199,0.01,0.0326920902714
718,0.00567010309278,0.0105670103093,0.0103945606958,0.0122504853253,0.0109910178437,0.01,0.032317128969
719,0.00598335067638,0.00910509885536,0.00876608595007,0.0122328531137,0.0109733460772,0.01,0.0361631805177
720,0.008,0.008,0.00753507734649,0.01632105336,0.0150707175212,0.01,0.048245310284
721,0.00486486486486,0.00810810810811,0.00765550278223,0.0108941343737,0.00963162414416,0.01,0.0305001544739
722,0.000452796015395,0.00475435816165,0.00391964239442,0.00728323801642,0.00601262734103,0.0,0.0215062047636
723,0.00225326723749,0.00833708877873,0.00791057242982,0.0112454824663,0.00998376042782,0.01,0.0305410831823
724,0.00228258388496,0.00684775165487,0.00625154726279,0.00951852161396,0.00825292542582,0.01,0.0248754167341
725,0.00368459837878,0.00466715794645,0.00382250699823,0.00665185958437,0.00537983251641,0.0,0.0139018742779
726,0.00250398361029,0.00455269747325,0.0036950054389,0.00608015957245,0.00480684999053,0.01,0.0105709565529
727,0.00135531962955,0.00406595888864,0.00315281015705,0.00582230098533,0.00454841294052,0.0,0.012484271088
728,0.00125759798784,0.00607839027458,0.00539452847771,0.00836063501966,0.00709244130538,0.01,0.0169495274115
729,0.00185720181593,0.00392075938919,0.00299106731188,0.00521402955502,0.00393877695436,0.0,0.00984257181798
730,0.0016992353441,0.00424808836024,0.00335569060111,0.00597996854964,0.00470643420582,0.0,0.0123386831177
731,0.00164035267583,0.00410088168956,0.0031917118971,0.00519121496384,0.00391591118243,0.0,0.00856320922748
732,0.00118366541724,0.00236733083448,0.00126064843884,0.00381716785426,0.00253878162653,0.0,0.00550536608958
733,0.00134357005758,0.00191938579655,0.000761666657292,0.00372001445881,0.00244141028359,0.0,0.00540652660027
734,0.00065223062875,0.0023480302635,0.00123914885189,0.00347041315456,0.0021912490403,0.0,0.00489872579702
735,0.000745156482861,0.00178837555887,0.000615729731418,0.00335431269536,0.00207488812901,0.0,0.00432399498356
736,0.0,0.000754603078781,0.0,0.00206466677234,0.000782349099702,0.0,0.00147636555088
737,0.00110864745011,0.00443458980044,0.00356344113524,0.00524708646669,0.00397190802372,0.0,0.00846411428369
738,0.000463499420626,0.00370799536501,0.00275406195889,0.00482030185628,0.00354416599297,0.0,0.00759308955794
739,0.000962463907603,0.00360923965351,0.0026440544877,0.00486420601527,0.00358816864364,0.0,0.00733321146896
740,0.0,0.001001001001,0.0,0.00205617705613,0.00077384033823,0.0,0.00159417118837
741,0.000109745390694,0.000438981562774,0.0,0.00177570085742,0.000492734937786,0.0,0.000760259169365
742,0.000222940586334,0.000557351465834,0.0,0.00177339066527,0.000490419563104,0.0,0.000857970032073
743,0.0049115913556,0.0012278978389,0.0,0.00248251375915,0.00120113345679,0.0,0.00243738940249
744,0.0021978021978,0.0,0.0,0.000814716443807,0.0,0.0,2.49134354838e-10
745,0.00568047337278,0.00118343195266,0.0,0.00182201154444,0.000539149515137,0.0,0.00118346187369
746,0.00278312995076,0.00363947762792,0.0026777376342,0.00477889879256,0.00350267004835,0.0,0.00832641569655
747,0.002035002035,0.0018315018315,0.000663769608028,0.00302365533145,0.00174348899026,0.0,0.00366670683008
748,0.00312377977353,0.00253807106599,0.00145084200654,0.00411744078673,0.00283972817142,0.0,0.0062463348188
749,0.00610649731314,0.00390815828041,0.00297703049224,0.00635875835947,0.00508607376763,0.01,0.0132965125489
750,0.00596421471173,0.00640600839408,0.00575947385961,0.00837257893039,0.0071044120103,0.01,0.0176929725249
751,0.0049560711872,0.00540662311331,0.00464622333641,0.0065015987017,0.00522923454842,0.0,0.0122790453758
752,0.00150489089541,0.00105342362679,0.0,0.00221001308066,0.000928021468315,0.0,0.00179130359402
753,0.00133096716948,0.00103519668737,0.0,0.00207061858224,0.000788314261502,0.0,0.0016768487963
754,0.00189311198486,0.000436871996505,0.0,0.00206817243258,0.000785862624311,0.0,0.000939264352466
755,0.00343511450382,0.0013358778626,0.000111676583132,0.00262288502063,0.00134181961786,0.0,0.00273015065149
756,0.00152963671128,0.00229445506692,0.00117946955025,0.00363951058071,0.00236072580842,0.0,0.00494597991941
757,0.00193274062621,0.00173946656359,0.000561248276035,0.00297505257665,0.00169477720326,0.0,0.00371863995991
758,0.00186440677966,0.00237288135593,0.00126683136051,0.00341966053033,0.00214038256099,0.0,0.00430768675636
759,0.00155252716923,0.000862515094014,0.0,0.00218414031669,0.000902090663092,0.0,0.0018644134008
760,0.00188098495212,0.00170998632011,0.000528409192743,0.00307362888493,0.00179357465111,0.0,0.00377364014375
761,0.00404932817964,0.00257684520523,0.00149403388821,0.00350332549841,0.00222423521752,0.0,0.00451754974677
762,0.00171135196805,0.00133105153071,0.000106300361768,0.00254235895946,0.00126111290985,0.0,0.00266824684361
763,0.00407134548275,0.00135711516092,0.000135333558996,0.00255788173927,0.00127667051244,0.0,0.00258934530909
